<?xml version="1.0"?>
<opencv_storage>
<dim>
  334 474</dim>
<warp type_id="opencv-matrix">
  <rows>3</rows>
  <cols>3</cols>
  <dt>d</dt>
  <data>
    8.7445115171393240e-01 -5.8360727330847616e-03
    6.1705632224668596e+00 -8.6580608340762991e-02
    9.7953276041895321e-01 4.8573669311474994e+00
    -2.8447119829765012e-04 -1.5158630475544821e-05 1.</data></warp>
</opencv_storage>
