<?xml version="1.0"?>
<opencv_storage>
<dim>
  567 547</dim>
<warp type_id="opencv-matrix">
  <rows>3</rows>
  <cols>3</cols>
  <dt>d</dt>
  <data>
    1.2930582153772567e+00 7.8231255742483866e-02
    -2.8747456146250382e+01 2.6745460596868187e-01
    1.3595525703766194e+00 -1.1053029474289988e+02
    6.3327362548568447e-04 2.2320329487280011e-04 1.</data></warp>
</opencv_storage>
