<?xml version="1.0"?>
<opencv_storage>
<warp type_id="opencv-matrix">
  <rows>3</rows>
  <cols>3</cols>
  <dt>d</dt>
  <data>
    1.7900879888377488e+00 9.9065032701128996e-03
    -2.4767723192718125e+00 6.7284163057294921e-01
    1.7967993579120451e+00 -2.2834664126186857e+02
    2.3158587576405519e-03 2.9309181272523373e-05 1.</data></warp>
</opencv_storage>
