<?xml version="1.0"?>
<opencv_storage>
<dim>
  334 474</dim>
<warp type_id="opencv-matrix">
  <rows>3</rows>
  <cols>3</cols>
  <dt>d</dt>
  <data>
    8.5781381230454556e-01 8.8934743281801551e-03 5.7151885013385604e+00
    -9.7522799313082567e-02 1.0131019306102536e+00
    2.2956391760617230e+00 -3.5183783545007417e-04
    7.4546288478623504e-05 1.</data></warp>
</opencv_storage>
